test_iter: 159
test_interval: 238
base_lr: 0.00999999977648
display: 29
max_iter: 2856
lr_policy: "step"
gamma: 0.10000000149
momentum: 0.899999976158
weight_decay: 9.99999974738e-05
stepsize: 943
snapshot: 238
snapshot_prefix: "snapshot"
solver_mode: GPU
net: "train_val.prototxt"
solver_type: SGD
